00000000000000000000010100110111
00010000000001010000010100010011
00000000000000000000010110110111
00010000110001011000010110010011
00000000000000000000000101101011
11111110110000010000000100010011
00000000000100010010100000100011
00000001001100010010011000100011
00000001001000010010010000100011
00000000100100010010001000100011
00000000100000010010000000100011
00000000000000000000010000010011
00000001001101000010001010110011
00001000000000101000010001100011
11111111111101000000010010010011
00000000000001001010001010010011
00000110000000101001000001100011
00000000001001001001001100010011
00000000011010010000001110110011
00000000000000000000000011111100
00000000000000000001000011111101
00000001110011101010001010110011
00000010000000101000100001100011
00000000000010010000010100010011
00000000000001001000010110010011
00000010110000000000000011101111
11111111111101001000010010010011
11111101000111111111000001101111
00000000000101000000010000010011
11111011110111111111000001101111
00000000000000000000000001001000
00000000000000000001000001001001
00000000000000000010000001010010
00000000000000000011000001010011
00000000000000000100000001000001
00000001010000010000000100010011
00000000001001011001001100010011
00000000011001010000001100110011
00000000000000000000000011000101
00000000000000000001000011000111
00000000011100110010000000100011
00000000010100110010001000100011
00000000000000001000000001100111