00000000001001011001001100010011
00000000011001010000001100110011
00000000000000110010001010000011
00000000010000110010001110000011
00000000011100110010000000100011
00000000010100110010001000100011
00000000000000001000000001100111
11111110110000010000000100010011
00000000000100010010100000100011
00000001001100010010011000100011
00000001001000010010010000100011
00000000100100010010001000100011
00000000100000010010000000100011
00000000000001010000100100010011
00000000000001011000100110010011
00000000000000000000010000010011
00000001001101000010001010110011
00000010000000101000111001100011
11111111111101000000010010010011
00000000000001001010001010010011
00000010000000101001011001100011
00000000001001001001001100010011
00000000011010010000001110110011
00000000000000111010111000000011
00000000010000111010111010000011
00000001110011101010001010110011
00000000000000101000101001100011
00000000000010010000010100010011
00000000000001001000010110010011
11111000110111111111000011101111
11111111111101001000010010010011
00000000000101000000010000010011
00000000000000010010010000000011
00000000010000010010010010000011
00000000100000010010100100000011
00000000110000010010100110000011
00000001000000010010000010000011
00000001010000010000000100010011
00000000000000001000000001100111
